========================
J profile (KOP=1312.4)
========================
164.05,164.05,2296.7
328.1,328.1,2624.8
656.2,656.2,3281
984.3,984.3,3937.2


========================
S profile (KOP=2624.8)
========================

781.567,451.236,3819.28
1107.24,639.27,4015.06
2492.21,1438.88,4354.58
4214.74,2433.39,5502.93


========================
deep kickoff profile (KOP= 2788.85)
========================
328.1,328.1,3281
393.72,393.72,3313.81
492.15,492.15,3346.62


========================
Horizontal profile (KOP=650)
========================
50,50,1000
70,70,1050
100,100,1100
200,200,1160
250,250,1180
300,300,1200
400,400,1205
500,500,1210
600,600,1215
============================
optimal target coordinates (HORIZONTAL)
=============================
KOP= 2132.65 

164.05,164.05,3281
229.67,229.67,3445.05
656.2,656.2,3805.96
1968.6,1968.6,3986.42



Multilateral wells
=========================
well 1			well 2			well 3
---------------------------------------------------------------------
0	0	0	0	0	0	0	0	0
0	0	1312	0	0	1641	0	0	1641
164	820	2625	984	656	3937	361	689	3281
200	1148	3281	1148	820	4003	656	820	3347



pyinstaller --onefile main.py




